PARAMGCS: FTP
0,1,
1,
0,  opcode
0,  size
0,  req_opcode
4,  burst complete
16, padding
0,0,0, offset
0,0,0,0,64,80,65,82,65,77,47,112,97,114,97,109,46,112,99,107,0,0,0,0,0,0,0,0,0,0,0,0,0,0,0,0,0,0,0,0,0,0,0,0,0,0,0,0,0,0,0,0,0,0,0,0,0,0,0,0,0,0,0,0,0,0,0,0,0,0,0,0,0,0,0,0,0,0,0,0,0,0,0,0,0,0,0,0,0,0,0,0,0,0,0,0,0,0,0,0,0,0,0,0,0,0,0,0,0,0,0,0,0,0,0,0,0,0,0,0,0,0,0,0,0,0,0,0,0,0,0,0,0,0,0,0,0,0,0,0,0,0,0,0,0,0,0,0,0,0,0,0,0,0,0,0,0,0,0,0,0,0,0,0,0,0,0,0,0,0,0,0,0,0,0,0,0,0,0,0,0,0,0,0,0,0,0,0,0,0,0,0,0,0,0,0,0,0,0,0,0,0,0,0,0,0,0,0,0,0,0,0,0,0,0,0,0,0,0,0,0,0,0,0,0,0,0,0,0,0,0,0,0,0,0,0,0,0,0,0,0,0,0
= @PARAM/param.pck
seq 		= 01
session 	= 1
opcode		= 0
size		= 



PARAM: FTP 
0,-1,
-26,    session = 230
1, 	opcode	
0,	size
0,	req_opcode
-128,	burst complete
4,	padding
4,0,0,0, offset
0,0,0,0,0,16,0,0,0,0,0,0,0,0,0,0,0,0,0,0,0,0,0,0,0,0,0,0,0,0,0,0,0,0,0,0,0,0,0,0,0,0,0,0,0,0,0,0,0,0,0,0,0,0,0,0,0,0,0,0,0,0,0,0,0,0,0,0,0,0,0,0,0,0,0,0,0,0,0,0,0,0,0,0,0,0,0,0,0,0,0,0,0,0,0,0,0,0,0,0,0,0,0,0,0,0,0,0,0,0,0,0,0,0,0,0,0,0,0,0,0,0,0,0,0,0,0,0,0,0,0,0,0,0,0,0,0,0,0,0,0,0,0,0,0,0,0,0,0,0,0,0,0,0,0,0,0,0,0,0,0,0,0,0,0,0,0,0,0,0,0,0,0,0,0,0,0,0,0,0,0,0,0,0,0,0,0,0,0,0,0,0,0,0,0,0,0,0,0,0,0,0,0,0,0,0,0,0,0,0,0,0,0,0,0,0,0,0,0,0,0,0,0,0,0,0,0,0,0,0,0,0,0,0,0,0,0,0,0,0,0,0


PARAMGCS: FTP 
0,1,
1,       session
1,       opcode
0,	 size
0,	 req_opcode
5,	 burst complete
-17,     padding (239)
0,0,0,0, offset
0,0,0,0,0,0,0,0,0,0,0,0,0,0,0,0,0,0,0,0,0,0,0,0,0,0,0,0,0,0,0,0,0,0,0,0,0,0,0,0,0,0,0,0,0,0,0,0,0,0,0,0,0,0,0,0,0,0,0,0,0,0,0,0,0,0,0,0,0,0,0,0,0,0,0,0,0,0,0,0,0,0,0,0,0,0,0,0,0,0,0,0,0,0,0,0,0,0,0,0,0,0,0,0,0,0,0,0,0,0,0,0,0,0,0,0,0,0,0,0,0,0,0,0,0,0,0,0,0,0,0,0,0,0,0,0,0,0,0,0,0,0,0,0,0,0,0,0,0,0,0,0,0,0,0,0,0,0,0,0,0,0,0,0,0,0,0,0,0,0,0,0,0,0,0,0,0,0,0,0,0,0,0,0,0,0,0,0,0,0,0,0,0,0,0,0,0,0,0,0,0,0,0,0,0,0,0,0,0,0,0,0,0,0,0,0,0,0,0,0,0,0,0,0,0,0,0,0,0,0,0,0,0,0,0,0,0,0,0,0,0,0



PARAM: FTP 
0,255,
230,	 session
2,	 opcode
0,	 size
0,	 req_opcode
128,	 burst_complete
239,     padding
5,0,0,0, offset
0,0,0,27,103,4,5,4,5,2,208,
70,79,82,77,65,84,95,86,69,82,83,73,79,78,120,0,2,192,83,89,83,73,68,95,84,72,73,83,77,65,86,1,0,2,70,77,89,71,67,83,255,0,4,208,80,73,76,79,84,95,84,72,82,95,70,73,76,84,0,0,0,0,4,119,75,79,70,70,95,65,76,84,0,0,0,0,2,87,72,82,95,66,72,86,0,0,3,176,83,69,82,73,65,76,48,95,66,65,85,68,115,0,0,0,1,120,80,82,79,84,79,67,79,76,2,1,150,49,95,80,82,79,84,79,67,79,76,2,3,56,66,65,85,68,57,0,0,0,1,150,50,95,80,82,79,84,79,67,79,76,2,3,56,66,65,85,68,57,0,0,0,1,150,51,95,80,82,79,84,79,67,79,76,5,3,56,66,65,85,68,38,0,0,0,1,150,52,95,80,82,79,84,79,67,79,76,5,3,56,66,65,85,68,38,0,0,0,1,150,53,95,80,82,79,84,79,67,79,76,255,3,56,66,65,85,68,57,0,0,0,1



PARAMGCS: FTP 
0,1,
1,     session
2,     opcode
0,     size
0,     req_opcode
5,     burst_complete
-17,   padding
0,0,0, offset
-17,0,0,0,0,0,0,0,0,0,0,0,0,0,0,0,0,0,0,0,0,0,0,0,0,0,0,0,0,0,0,0,0,0,0,0,0,0,0,0,0,0,0,0,0,0,0,0,0,0,0,0,0,0,0,0,0,0,0,0,0,0,0,0,0,0,0,0,0,0,0,0,0,0,0,0,0,0,0,0,0,0,0,0,0,0,0,0,0,0,0,0,0,0,0,0,0,0,0,0,0,0,0,0,0,0,0,0,0,0,0,0,0,0,0,0,0,0,0,0,0,0,0,0,0,0,0,0,0,0,0,0,0,0,0,0,0,0,0,0,0,0,0,0,0,0,0,0,0,0,0,0,0,0,0,0,0,0,0,0,0,0,0,0,0,0,0,0,0,0,0,0,0,0,0,0,0,0,0,0,0,0,0,0,0,0,0,0,0,0,0,0,0,0,0,0,0,0,0,0,0,0,0,0,0,0,0,0,0,0,0,0,0,0,0,0,0,0,0,0,0,0,0,0,0,0,0,0,0,0,0,0,0,0,0,0,0,0,0,0,0,0,0


PARAM: FTP 
0,255,
230,    session
3, 	op_code
0,	size
0,	req_opcode
128,  	burst_complete
239,  	padding
5,0,0,239, offset
0,0,0,150,54,95,80,82,79,84,79,67,79,76,255,3,56,66,65,85,68,57,0,0,0,2,134,49,95,79,80,84,73,79,78,83,0,0,2,134,50,95,79,80,84,73,79,78,83,0,0,2,134,51,95,79,80,84,73,79,78,83,0,0,2,134,52,95,79,80,84,73,79,78,83,0,0,2,134,53,95,79,80,84,73,79,78,83,0,0,2,134,54,95,79,80,84,73,79,78,83,0,0,1,86,95,80,65,83,83,49,0,1,11,50,255,1,59,84,73,77,79,15,1,150,55,95,80,82,79,84,79,67,79,76,255,3,56,66,65,85,68,57,0,0,0,2,104,79,80,84,73,79,78,83,0,0,1,160,84,69,76,69,77,95,68,69,76,65,89,0,2,176,71,67,83,95,80,73,68,95,77,65,83,75,0,0,3,96,82,84,76,95,65,76,84,220,5,0,0,4,148,67,79,78,69,95,83,76,79,80,69,0,0,64,64,2,68,83,80,69,69,68,0,0,2,132,65,76,84,95,70,73,78,65,76,0,0,2,132,67,76



PARAMGCS: FTP 
0,1,
1,	
3,	op_code
0,	size
0,	req_opcode
5,	burst_complete
-17,	padding
0,0,0,-34, offset
1,0,0,0,0,0,0,0,0,0,0,0,0,0,0,0,0,0,0,0,0,0,0,0,0,0,0,0,0,0,0,0,0,0,0,0,0,0,0,0,0,0,0,0,0,0,0,0,0,0,0,0,0,0,0,0,0,0,0,0,0,0,0,0,0,0,0,0,0,0,0,0,0,0,0,0,0,0,0,0,0,0,0,0,0,0,0,0,0,0,0,0,0,0,0,0,0,0,0,0,0,0,0,0,0,0,0,0,0,0,0,0,0,0,0,0,0,0,0,0,0,0,0,0,0,0,0,0,0,0,0,0,0,0,0,0,0,0,0,0,0,0,0,0,0,0,0,0,0,0,0,0,0,0,0,0,0,0,0,0,0,0,0,0,0,0,0,0,0,0,0,0,0,0,0,0,0,0,0,0,0,0,0,0,0,0,0,0,0,0,0,0,0,0,0,0,0,0,0,0,0,0,0,0,0,0,0,0,0,0,0,0,0,0,0,0,0,0,0,0,0,0,0,0,0,0,0,0,0,0,0,0,0,0,0,0,0,0,0,0,0,0



PARAM: FTP 0,255,230,4,0,0,128,239,5,0,0,222,1,0,0,73,77,66,95,77,73,78,0,0,3,132,76,79,73,84,95,84,73,77,69,136,19,0,0,1,116,65,76,84,95,84,89,80,69,0,1,192,70,83,95,71,67,83,95,69,78,65,66,76,69,0,2,192,71,80,83,95,72,68,79,80,95,71,79,79,68,140,0,1,176,83,85,80,69,82,95,83,73,77,80,76,69,0,1,224,87,80,95,89,65,87,95,66,69,72,65,86,73,79,82,2,2,144,76,65,78,68,95,83,80,69,69,68,50,0,2,74,95,72,73,71,72,0,0,2,208,80,73,76,79,84,95,83,80,69,69,68,95,85,80,250,0,2,102,65,67,67,69,76,95,90,250,0,1,192,70,83,95,84,72,82,95,69,78,65,66,76,69,1,2,71,86,65,76,85,69,207,3,2,80,84,72,82,95,68,90,100,0,1,112,70,76,84,77,79,68,69,49,7,1,7,50,9,1,7,51,6,1,7,52,3,1,7,53,5,1,7,54,0,1,39,95,67,72,5,1,176,73,78,73,84,73,65,76,95,77,79,68,69


PARAMGCS: FTP
0,1,
1,
4,
0,
0,
5,	burst_complete
-17,	padding
0,0,0,-51, offset 2,0,0,0,0,0,0,0,0,0,0,0,0,0,0,0,0,0,0,0,0,0,0,0,0,0,0,0,0,0,0,0,0,0,0,0,0,0,0,0,0,0,0,0,0,0,0,0,0,0,0,0,0,0,0,0,0,0,0,0,0,0,0,0,0,0,0,0,0,0,0,0,0,0,0,0,0,0,0,0,0,0,0,0,0,0,0,0,0,0,0,0,0,0,0,0,0,0,0,0,0,0,0,0,0,0,0,0,0,0,0,0,0,0,0,0,0,0,0,0,0,0,0,0,0,0,0,0,0,0,0,0,0,0,0,0,0,0,0,0,0,0,0,0,0,0,0,0,0,0,0,0,0,0,0,0,0,0,0,0,0,0,0,0,0,0,0,0,0,0,0,0,0,0,0,0,0,0,0,0,0,0,0,0,0,0,0,0,0,0,0,0,0,0,0,0,0,0,0,0,0,0,0,0,0,0,0,0,0,0,0,0,0,0,0,0,0,0,0,0,0,0,0,0,0,0,0,0,0,0,0,0,0,0,0,0,0,0,0,0,0,0





======================
PARAMGCS: FTP 0,1,1,0,0,0,4,16,0,0,0,0,0,0,0,64,80,65,82,65,77,47,112,97,114,97,109,46,112,99,107,0,0,0,0,0,0,0,0,0,0,0,0,0,0,0,0,0,0,0,0,0,0,0,0,0,0,0,0,0,0,0,0,0,0,0,0,0,0,0,0,0,0,0,0,0,0,0,0,0,0,0,0,0,0,0,0,0,0,0,0,0,0,0,0,0,0,0,0,0,0,0,0,0,0,0,0,0,0,0,0,0,0,0,0,0,0,0,0,0,0,0,0,0,0,0,0,0,0,0,0,0,0,0,0,0,0,0,0,0,0,0,0,0,0,0,0,0,0,0,0,0,0,0,0,0,0,0,0,0,0,0,0,0,0,0,0,0,0,0,0,0,0,0,0,0,0,0,0,0,0,0,0,0,0,0,0,0,0,0,0,0,0,0,0,0,0,0,0,0,0,0,0,0,0,0,0,0,0,0,0,0,0,0,0,0,0,0,0,0,0,0,0,0,0,0,0,0,0,0,0,0,0,0,0,0,0,0,0,0,0,0,0,0,0,0,0,0,0,0,0,0,0,0

js_andruavclient2.js:2603 PARAM: FTP 0,-1,-26,1,0,0,-128,4,4,0,0,0,0,0,0,0,0,16,0,0,0,0,0,0,0,0,0,0,0,0,0,0,0,0,0,0,0,0,0,0,0,0,0,0,0,0,0,0,0,0,0,0,0,0,0,0,0,0,0,0,0,0,0,0,0,0,0,0,0,0,0,0,0,0,0,0,0,0,0,0,0,0,0,0,0,0,0,0,0,0,0,0,0,0,0,0,0,0,0,0,0,0,0,0,0,0,0,0,0,0,0,0,0,0,0,0,0,0,0,0,0,0,0,0,0,0,0,0,0,0,0,0,0,0,0,0,0,0,0,0,0,0,0,0,0,0,0,0,0,0,0,0,0,0,0,0,0,0,0,0,0,0,0,0,0,0,0,0,0,0,0,0,0,0,0,0,0,0,0,0,0,0,0,0,0,0,0,0,0,0,0,0,0,0,0,0,0,0,0,0,0,0,0,0,0,0,0,0,0,0,0,0,0,0,0,0,0,0,0,0,0,0,0,0,0,0,0,0,0,0,0,0,0,0,0,0,0,0,0,0,0,0,0,0,0,0,0,0,0,0,0,0,0,0



js_andruavclient2.js:2494 PARAMGCS: FTP 0,1,1,1,0,0,5,-17,0,0,0,0,0,0,0,0,0,0,0,0,0,0,0,0,0,0,0,0,0,0,0,0,0,0,0,0,0,0,0,0,0,0,0,0,0,0,0,0,0,0,0,0,0,0,0,0,0,0,0,0,0,0,0,0,0,0,0,0,0,0,0,0,0,0,0,0,0,0,0,0,0,0,0,0,0,0,0,0,0,0,0,0,0,0,0,0,0,0,0,0,0,0,0,0,0,0,0,0,0,0,0,0,0,0,0,0,0,0,0,0,0,0,0,0,0,0,0,0,0,0,0,0,0,0,0,0,0,0,0,0,0,0,0,0,0,0,0,0,0,0,0,0,0,0,0,0,0,0,0,0,0,0,0,0,0,0,0,0,0,0,0,0,0,0,0,0,0,0,0,0,0,0,0,0,0,0,0,0,0,0,0,0,0,0,0,0,0,0,0,0,0,0,0,0,0,0,0,0,0,0,0,0,0,0,0,0,0,0,0,0,0,0,0,0,0,0,0,0,0,0,0,0,0,0,0,0,0,0,0,0,0,0,0,0,0,0,0,0,0,0,0,0,0,0

js_andruavclient2.js:2603 PARAM: FTP 0,255,230,2,0,0,128,239,5,0,0,0,0,0,0,27,103,4,5,4,5,2,208,70,79,82,77,65,84,95,86,69,82,83,73,79,78,120,0,2,192,83,89,83,73,68,95,84,72,73,83,77,65,86,1,0,2,70,77,89,71,67,83,255,0,4,208,80,73,76,79,84,95,84,72,82,95,70,73,76,84,0,0,0,0,4,119,75,79,70,70,95,65,76,84,0,0,0,0,2,87,72,82,95,66,72,86,0,0,3,176,83,69,82,73,65,76,48,95,66,65,85,68,115,0,0,0,1,120,80,82,79,84,79,67,79,76,2,1,150,49,95,80,82,79,84,79,67,79,76,2,3,56,66,65,85,68,57,0,0,0,1,150,50,95,80,82,79,84,79,67,79,76,2,3,56,66,65,85,68,57,0,0,0,1,150,51,95,80,82,79,84,79,67,79,76,5,3,56,66,65,85,68,38,0,0,0,1,150,52,95,80,82,79,84,79,67,79,76,5,3,56,66,65,85,68,38,0,0,0,1,150,53,95,80,82,79,84,79,67,79,76,255,3,56,66,65,85,68,57,0,0,0,1



js_andruavclient2.js:2494 PARAMGCS: FTP 0,1,1,2,0,0,5,-17,0,0,0,-17,0,0,0,0,0,0,0,0,0,0,0,0,0,0,0,0,0,0,0,0,0,0,0,0,0,0,0,0,0,0,0,0,0,0,0,0,0,0,0,0,0,0,0,0,0,0,0,0,0,0,0,0,0,0,0,0,0,0,0,0,0,0,0,0,0,0,0,0,0,0,0,0,0,0,0,0,0,0,0,0,0,0,0,0,0,0,0,0,0,0,0,0,0,0,0,0,0,0,0,0,0,0,0,0,0,0,0,0,0,0,0,0,0,0,0,0,0,0,0,0,0,0,0,0,0,0,0,0,0,0,0,0,0,0,0,0,0,0,0,0,0,0,0,0,0,0,0,0,0,0,0,0,0,0,0,0,0,0,0,0,0,0,0,0,0,0,0,0,0,0,0,0,0,0,0,0,0,0,0,0,0,0,0,0,0,0,0,0,0,0,0,0,0,0,0,0,0,0,0,0,0,0,0,0,0,0,0,0,0,0,0,0,0,0,0,0,0,0,0,0,0,0,0,0,0,0,0,0,0,0,0,0,0,0,0,0,0,0,0,0,0,0

js_andruavclient2.js:2603 PARAM: FTP 0,255,230,3,0,0,128,239,5,0,0,239,0,0,0,150,54,95,80,82,79,84,79,67,79,76,255,3,56,66,65,85,68,57,0,0,0,2,134,49,95,79,80,84,73,79,78,83,0,0,2,134,50,95,79,80,84,73,79,78,83,0,0,2,134,51,95,79,80,84,73,79,78,83,0,0,2,134,52,95,79,80,84,73,79,78,83,0,0,2,134,53,95,79,80,84,73,79,78,83,0,0,2,134,54,95,79,80,84,73,79,78,83,0,0,1,86,95,80,65,83,83,49,0,1,11,50,255,1,59,84,73,77,79,15,1,150,55,95,80,82,79,84,79,67,79,76,255,3,56,66,65,85,68,57,0,0,0,2,104,79,80,84,73,79,78,83,0,0,1,160,84,69,76,69,77,95,68,69,76,65,89,0,2,176,71,67,83,95,80,73,68,95,77,65,83,75,0,0,3,96,82,84,76,95,65,76,84,220,5,0,0,4,148,67,79,78,69,95,83,76,79,80,69,0,0,64,64,2,68,83,80,69,69,68,0,0,2,132,65,76,84,95,70,73,78,65,76,0,0,2,132,67,76



js_andruavclient2.js:2494 PARAMGCS: FTP 0,1,1,3,0,0,5,-17,0,0,0,-34,1,0,0,0,0,0,0,0,0,0,0,0,0,0,0,0,0,0,0,0,0,0,0,0,0,0,0,0,0,0,0,0,0,0,0,0,0,0,0,0,0,0,0,0,0,0,0,0,0,0,0,0,0,0,0,0,0,0,0,0,0,0,0,0,0,0,0,0,0,0,0,0,0,0,0,0,0,0,0,0,0,0,0,0,0,0,0,0,0,0,0,0,0,0,0,0,0,0,0,0,0,0,0,0,0,0,0,0,0,0,0,0,0,0,0,0,0,0,0,0,0,0,0,0,0,0,0,0,0,0,0,0,0,0,0,0,0,0,0,0,0,0,0,0,0,0,0,0,0,0,0,0,0,0,0,0,0,0,0,0,0,0,0,0,0,0,0,0,0,0,0,0,0,0,0,0,0,0,0,0,0,0,0,0,0,0,0,0,0,0,0,0,0,0,0,0,0,0,0,0,0,0,0,0,0,0,0,0,0,0,0,0,0,0,0,0,0,0,0,0,0,0,0,0,0,0,0,0,0,0,0,0,0,0,0,0,0,0,0,0,0,0

js_andruavclient2.js:2603 PARAM: FTP 0,255,230,4,0,0,128,239,5,0,0,222,1,0,0,73,77,66,95,77,73,78,0,0,3,132,76,79,73,84,95,84,73,77,69,136,19,0,0,1,116,65,76,84,95,84,89,80,69,0,1,192,70,83,95,71,67,83,95,69,78,65,66,76,69,0,2,192,71,80,83,95,72,68,79,80,95,71,79,79,68,140,0,1,176,83,85,80,69,82,95,83,73,77,80,76,69,0,1,224,87,80,95,89,65,87,95,66,69,72,65,86,73,79,82,2,2,144,76,65,78,68,95,83,80,69,69,68,50,0,2,74,95,72,73,71,72,0,0,2,208,80,73,76,79,84,95,83,80,69,69,68,95,85,80,250,0,2,102,65,67,67,69,76,95,90,250,0,1,192,70,83,95,84,72,82,95,69,78,65,66,76,69,1,2,71,86,65,76,85,69,207,3,2,80,84,72,82,95,68,90,100,0,1,112,70,76,84,77,79,68,69,49,7,1,7,50,9,1,7,51,6,1,7,52,3,1,7,53,5,1,7,54,0,1,39,95,67,72,5,1,176,73,78,73,84,73,65,76,95,77,79,68,69



js_andruavclient2.js:2494 PARAMGCS: FTP 0,1,1,4,0,0,5,-17,0,0,0,-51,2,0,0,0,0,0,0,0,0,0,0,0,0,0,0,0,0,0,0,0,0,0,0,0,0,0,0,0,0,0,0,0,0,0,0,0,0,0,0,0,0,0,0,0,0,0,0,0,0,0,0,0,0,0,0,0,0,0,0,0,0,0,0,0,0,0,0,0,0,0,0,0,0,0,0,0,0,0,0,0,0,0,0,0,0,0,0,0,0,0,0,0,0,0,0,0,0,0,0,0,0,0,0,0,0,0,0,0,0,0,0,0,0,0,0,0,0,0,0,0,0,0,0,0,0,0,0,0,0,0,0,0,0,0,0,0,0,0,0,0,0,0,0,0,0,0,0,0,0,0,0,0,0,0,0,0,0,0,0,0,0,0,0,0,0,0,0,0,0,0,0,0,0,0,0,0,0,0,0,0,0,0,0,0,0,0,0,0,0,0,0,0,0,0,0,0,0,0,0,0,0,0,0,0,0,0,0,0,0,0,0,0,0,0,0,0,0,0,0,0,0,0,0,0,0,0,0,0,0,0,0,0,0,0,0,0,0,0,0,0,0,0

js_andruavclient2.js:2603 PARAM: FTP 0,255,230,5,0,0,128,239,5,0,0,205,2,0,0,0,1,80,83,73,77,80,76,69,0,3,160,76,79,71,95,66,73,84,77,65,83,75,254,175,2,0,1,224,69,83,67,95,67,65,76,73,66,82,65,84,73,79,78,0,1,48,84,85,78,69,0,1,144,70,82,65,77,69,95,84,89,80,69,0,4,240,65,82,77,73,78,71,95,65,67,67,84,72,82,69,83,72,0,0,64,63,1,87,82,85,68,68,69,82,2,3,135,77,73,83,95,73,84,69,77,83,0,0,0,0,3,71,67,72,69,67,75,1,0,0,0,1,176,68,73,83,65,82,77,95,68,69,76,65,89,10,2,128,65,78,71,76,69,95,77,65,88,184,11,2,224,80,72,76,68,95,66,82,65,75,69,95,82,65,84,69,8,0,2,75,65,78,71,76,69,184,11,1,224,76,65,78,68,95,82,69,80,79,83,73,84,73,79,78,1,1,192,70,83,95,69,75,70,95,65,67,84,73,79,78,1,4,87,84,72,82,69,83,72,205,204,76,63,1,163,67,82,65,83,72,95,67,72,69,67,75,1,2



js_andruavclient2.js:2494 PARAMGCS: FTP 0,1,1,5,0,0,5,-17,0,0,0,-68,3,0,0,0,0,0,0,0,0,0,0,0,0,0,0,0,0,0,0,0,0,0,0,0,0,0,0,0,0,0,0,0,0,0,0,0,0,0,0,0,0,0,0,0,0,0,0,0,0,0,0,0,0,0,0,0,0,0,0,0,0,0,0,0,0,0,0,0,0,0,0,0,0,0,0,0,0,0,0,0,0,0,0,0,0,0,0,0,0,0,0,0,0,0,0,0,0,0,0,0,0,0,0,0,0,0,0,0,0,0,0,0,0,0,0,0,0,0,0,0,0,0,0,0,0,0,0,0,0,0,0,0,0,0,0,0,0,0,0,0,0,0,0,0,0,0,0,0,0,0,0,0,0,0,0,0,0,0,0,0,0,0,0,0,0,0,0,0,0,0,0,0,0,0,0,0,0,0,0,0,0,0,0,0,0,0,0,0,0,0,0,0,0,0,0,0,0,0,0,0,0,0,0,0,0,0,0,0,0,0,0,0,0,0,0,0,0,0,0,0,0,0,0,0,0,0,0,0,0,0,0,0,0,0,0,0,0,0,0,0,0,0

js_andruavclient2.js:2603 PARAM: FTP 0,255,230,6,0,0,128,239,5,0,0,188,3,0,0,112,82,67,95,83,80,69,69,68,234,1,4,192,65,67,82,79,95,66,65,76,95,82,79,76,76,0,0,128,63,4,73,80,73,84,67,72,0,0,128,63,1,101,84,82,65,73,78,69,82,2,4,101,82,80,95,69,88,80,79,154,153,153,62,1,208,67,65,77,95,84,82,73,71,71,95,84,89,80,69,0,1,116,68,85,82,65,84,73,79,78,10,2,116,83,69,82,86,79,95,79,78,20,5,2,27,70,70,76,4,4,148,84,82,73,71,71,95,68,73,83,84,0,0,0,0,1,116,82,69,76,65,89,95,79,78,1,2,180,77,73,78,95,73,78,84,69,82,86,65,76,0,0,2,101,65,88,95,82,79,76,76,0,0,1,180,70,69,69,68,66,65,67,75,95,80,73,78,255,1,30,79,76,1,1,132,65,85,84,79,95,79,78,76,89,0,1,52,84,89,80,69,0,1,128,82,69,76,65,89,95,80,73,78,13,1,9,50,255,1,9,51,255,1,9,52,255,1,102,68,69,70,65,85,76,84,0,1,54



js_andruavclient2.js:2494 PARAMGCS: FTP 0,1,1,6,0,0,5,-17,0,0,0,-85,4,0,0,0,0,0,0,0,0,0,0,0,0,0,0,0,0,0,0,0,0,0,0,0,0,0,0,0,0,0,0,0,0,0,0,0,0,0,0,0,0,0,0,0,0,0,0,0,0,0,0,0,0,0,0,0,0,0,0,0,0,0,0,0,0,0,0,0,0,0,0,0,0,0,0,0,0,0,0,0,0,0,0,0,0,0,0,0,0,0,0,0,0,0,0,0,0,0,0,0,0,0,0,0,0,0,0,0,0,0,0,0,0,0,0,0,0,0,0,0,0,0,0,0,0,0,0,0,0,0,0,0,0,0,0,0,0,0,0,0,0,0,0,0,0,0,0,0,0,0,0,0,0,0,0,0,0,0,0,0,0,0,0,0,0,0,0,0,0,0,0,0,0,0,0,0,0,0,0,0,0,0,0,0,0,0,0,0,0,0,0,0,0,0,0,0,0,0,0,0,0,0,0,0,0,0,0,0,0,0,0,0,0,0,0,0,0,0,0,0,0,0,0,0,0,0,0,0,0,0,0,0,0,0,0,0,0,0,0,0,0,0

js_andruavclient2.js:2603 PARAM: FTP 0,255,230,7,0,0,128,239,5,0,0,171,4,0,0,80,73,78,53,255,1,9,54,255,1,192,67,72,85,84,69,95,69,78,65,66,76,69,68,0,1,160,76,71,82,95,83,84,65,82,84,85,80,0,1,148,68,69,80,76,79,89,95,80,73,78,255,1,28,79,76,0,1,100,87,79,87,95,80,73,78,8,1,25,79,76,1,2,148,68,69,80,76,79,89,95,65,76,84,0,0,2,164,82,69,84,82,65,67,84,95,65,76,84,0,0,2,100,79,80,84,73,79,78,83,3,0,4,192,67,79,77,80,65,83,83,95,79,70,83,95,88,0,0,160,64,4,12,89,0,0,80,65,4,12,90,0,0,144,193,4,40,68,69,67,42,32,98,62,1,72,76,69,65,82,78,0,1,40,85,83,69,1,1,104,65,85,84,79,68,69,67,1,1,72,77,79,84,67,84,0,4,27,95,88,0,0,0,0,4,12,89,0,0,0,0,4,12,90,0,0,0,0,1,88,79,82,73,69,78,84,0,1,120,69,88,84,69,82,78,65,76,1,0,0,0,4,88,79,70,83,50,95,88



js_andruavclient2.js:2494 PARAMGCS: FTP 0,1,1,7,0,0,5,-17,0,0,0,-102,5,0,0,0,0,0,0,0,0,0,0,0,0,0,0,0,0,0,0,0,0,0,0,0,0,0,0,0,0,0,0,0,0,0,0,0,0,0,0,0,0,0,0,0,0,0,0,0,0,0,0,0,0,0,0,0,0,0,0,0,0,0,0,0,0,0,0,0,0,0,0,0,0,0,0,0,0,0,0,0,0,0,0,0,0,0,0,0,0,0,0,0,0,0,0,0,0,0,0,0,0,0,0,0,0,0,0,0,0,0,0,0,0,0,0,0,0,0,0,0,0,0,0,0,0,0,0,0,0,0,0,0,0,0,0,0,0,0,0,0,0,0,0,0,0,0,0,0,0,0,0,0,0,0,0,0,0,0,0,0,0,0,0,0,0,0,0,0,0,0,0,0,0,0,0,0,0,0,0,0,0,0,0,0,0,0,0,0,0,0,0,0,0,0,0,0,0,0,0,0,0,0,0,0,0,0,0,0,0,0,0,0,0,0,0,0,0,0,0,0,0,0,0,0,0,0,0,0,0,0,0,0,0,0,0,0,0,0,0,0,0,0

js_andruavclient2.js:2603 PARAM: FTP 
0,255,230,8,0,0,128,239,5,0,0,154,5,0,0,0,0,160,64,4,13,89,0,0,80,65,4,13,90,0,0,144,193,4,88,77,79,84,50,95,88,0,0,0,0,4,13,89,0,0,0,0,4,13,90,0,0,0,0,4,88,79,70,83,51,95,88,0,0,160,64,4,13,89,0,0,80,65,4,13,90,0,0,144,193,4,88,77,79,84,51,95,88,0,0,0,0,4,13,89,0,0,0,0,4,13,90,0,0,0,0,3,88,68,69,86,95,73,68,3,125,1,0,3,14,50,34,3,2,0,3,14,51,10,4,4,0,1,56,85,83,69,50,1,1,104,79,82,73,69,78,84,50,0,1,104,69,88,84,69,82,78,50,0,1,56,85,83,69,51,1,1,104,79,82,73,69,78,84,51,0,1,104,69,88,84,69,82,78,51,0,4,72,68,73,65,95,88,0,0,128,63,4,12,89,0,0,128,63,4,12,90,0,0,128,63,4,72,79,68,73,95,88,0,0,0,0,4,12,89,0,0,0,0,4,12,90,0,0,0,0,4,88,68,73,65,50,95,88,0,0,128,63,4



js_andruavclient2.js:2494 PARAMGCS: FTP 0,1,1,8,0,0,5,-17,0,0,0,-119,6,0,0,0,0,0,0,0,0,0,0,0,0,0,0,0,0,0,0,0,0,0,0,0,0,0,0,0,0,0,0,0,0,0,0,0,0,0,0,0,0,0,0,0,0,0,0,0,0,0,0,0,0,0,0,0,0,0,0,0,0,0,0,0,0,0,0,0,0,0,0,0,0,0,0,0,0,0,0,0,0,0,0,0,0,0,0,0,0,0,0,0,0,0,0,0,0,0,0,0,0,0,0,0,0,0,0,0,0,0,0,0,0,0,0,0,0,0,0,0,0,0,0,0,0,0,0,0,0,0,0,0,0,0,0,0,0,0,0,0,0,0,0,0,0,0,0,0,0,0,0,0,0,0,0,0,0,0,0,0,0,0,0,0,0,0,0,0,0,0,0,0,0,0,0,0,0,0,0,0,0,0,0,0,0,0,0,0,0,0,0,0,0,0,0,0,0,0,0,0,0,0,0,0,0,0,0,0,0,0,0,0,0,0,0,0,0,0,0,0,0,0,0,0,0,0,0,0,0,0,0,0,0,0,0,0,0,0,0,0,0,0

js_andruavclient2.js:2603 PARAM: FTP 0,255,230,9,0,0,128,239,5,0,0,137,6,0,0,13,89,0,0,128,63,4,13,90,0,0,128,63,4,88,79,68,73,50,95,88,0,0,0,0,4,13,89,0,0,0,0,4,13,90,0,0,0,0,4,88,68,73,65,51,95,88,0,0,128,63,4,13,89,0,0,128,63,4,13,90,0,0,128,63,4,88,79,68,73,51,95,88,0,0,0,0,4,13,89,0,0,0,0,4,13,90,0,0,0,0,4,104,67,65,76,95,70,73,84,0,0,128,65,2,120,79,70,70,83,95,77,65,88,8,7,1,104,80,77,79,84,95,69,78,0,3,120,84,89,80,69,77,65,83,75,0,0,0,0,1,120,70,76,84,82,95,82,78,71,0,1,120,65,85,84,79,95,82,79,84,2,3,120,80,82,73,79,49,95,73,68,3,125,1,0,3,60,50,95,73,68,34,3,2,0,3,60,51,95,73,68,10,4,4,0,1,88,69,78,65,66,76,69,1,4,72,83,67,65,76,69,0,0,128,63,4,13,50,0,0,128,63,4,13,51,0,0,128,63,2,104,79,80,84,73,79,78,83




js_andruavclient2.js:2494 PARAMGCS: FTP 0,1,1,9,0,0,5,-17,0,0,0,120,7,0,0,0,0,0,0,0,0,0,0,0,0,0,0,0,0,0,0,0,0,0,0,0,0,0,0,0,0,0,0,0,0,0,0,0,0,0,0,0,0,0,0,0,0,0,0,0,0,0,0,0,0,0,0,0,0,0,0,0,0,0,0,0,0,0,0,0,0,0,0,0,0,0,0,0,0,0,0,0,0,0,0,0,0,0,0,0,0,0,0,0,0,0,0,0,0,0,0,0,0,0,0,0,0,0,0,0,0,0,0,0,0,0,0,0,0,0,0,0,0,0,0,0,0,0,0,0,0,0,0,0,0,0,0,0,0,0,0,0,0,0,0,0,0,0,0,0,0,0,0,0,0,0,0,0,0,0,0,0,0,0,0,0,0,0,0,0,0,0,0,0,0,0,0,0,0,0,0,0,0,0,0,0,0,0,0,0,0,0,0,0,0,0,0,0,0,0,0,0,0,0,0,0,0,0,0,0,0,0,0,0,0,0,0,0,0,0,0,0,0,0,0,0,0,0,0,0,0,0,0,0,0,0,0,0,0,0,0,0,0,0
js_andruavclient2.js:2603 PARAM: FTP 0,255,230,10,0,0,128,239,5,0,0,120,7,0,0,0,0,3,104,68,69,86,95,73,68,52,3,124,1,0,3,14,53,3,126,1,0,3,14,54,3,127,1,0,3,14,55,0,0,0,0,3,14,56,0,0,0,0,4,120,67,85,83,95,82,79,76,76,0,0,0,0,4,44,80,73,84,0,0,0,0,4,44,89,65,87,0,0,0,0,4,192,73,78,83,95,71,89,82,79,70,70,83,95,88,126,152,4,56,4,12,89,72,237,18,56,4,12,90,252,154,236,55,4,103,50,79,70,70,83,95,88,138,15,119,55,4,13,89,169,116,143,55,4,13,90,184,197,119,56,4,103,51,79,70,70,83,95,88,0,0,0,0,4,13,89,0,0,0,0,4,13,90,0,0,0,0,4,132,65,67,67,83,67,65,76,95,88,197,32,128,63,4,12,89,197,32,128,63,4,12,90,197,32,128,63,4,87,79,70,70,83,95,88,111,18,131,58,4,12,89,111,18,131,58,4,12,90,111,18,131,58,4,103,50,83,67,65,76,95,88,197,32,128,63,4,13,89,197,32,128,63,4,13
js_andruavclient2.js:2436 PARAM_GCS:FILE_TRANSFER_PROTOCOL
js_andruavclient2.js:2494 PARAMGCS: FTP 0,1,1,10,0,0,5,-17,0,0,0,103,8,0,0,0,0,0,0,0,0,0,0,0,0,0,0,0,0,0,0,0,0,0,0,0,0,0,0,0,0,0,0,0,0,0,0,0,0,0,0,0,0,0,0,0,0,0,0,0,0,0,0,0,0,0,0,0,0,0,0,0,0,0,0,0,0,0,0,0,0,0,0,0,0,0,0,0,0,0,0,0,0,0,0,0,0,0,0,0,0,0,0,0,0,0,0,0,0,0,0,0,0,0,0,0,0,0,0,0,0,0,0,0,0,0,0,0,0,0,0,0,0,0,0,0,0,0,0,0,0,0,0,0,0,0,0,0,0,0,0,0,0,0,0,0,0,0,0,0,0,0,0,0,0,0,0,0,0,0,0,0,0,0,0,0,0,0,0,0,0,0,0,0,0,0,0,0,0,0,0,0,0,0,0,0,0,0,0,0,0,0,0,0,0,0,0,0,0,0,0,0,0,0,0,0,0,0,0,0,0,0,0,0,0,0,0,0,0,0,0,0,0,0,0,0,0,0,0,0,0,0,0,0,0,0,0,0,0,0,0,0,0,0
js_andruavclient2.js:2436 PARAM_GCS:HEARTBEAT
js_andruavclient2.js:2603 PARAM: FTP 0,255,230,11,0,0,128,239,5,0,0,103,8,0,0,90,197,32,128,63,4,88,79,70,70,83,95,88,111,18,131,58,4,13,89,111,18,131,58,4,13,90,111,18,131,58,4,103,51,83,67,65,76,95,88,0,0,128,63,4,13,89,0,0,128,63,4,13,90,0,0,128,63,4,88,79,70,70,83,95,88,0,0,0,0,4,13,89,0,0,0,0,4,13,90,0,0,0,0,2,164,71,89,82,79,95,70,73,76,84,69,82,20,0,2,180,65,67,67,69,76,95,70,73,76,84,69,82,20,0,1,36,85,83,69,1,1,7,50,1,1,7,51,1,4,180,83,84,73,76,76,95,84,72,82,69,83,72,0,0,32,64,1,100,71,89,82,95,67,65,76,1,1,164,84,82,73,77,95,79,80,84,73,79,78,1,1,164,65,67,67,95,66,79,68,89,70,73,88,2,4,84,80,79,83,49,95,88,0,0,0,0,4,9,89,0,0,0,0,4,9,90,0,0,0,0,4,39,50,95,88,0,0,0,0,4,9,89,0,0,0,0,4,9,90,0,0,0,0,4,39,51,95,88
js_andruavclient2.js:2436 PARAM_GCS:FILE_TRANSFER_PROTOCOL
js_andruavclient2.js:2494 PARAMGCS: FTP 0,1,1,11,0,0,5,-17,0,0,0,86,9,0,0,0,0,0,0,0,0,0,0,0,0,0,0,0,0,0,0,0,0,0,0,0,0,0,0,0,0,0,0,0,0,0,0,0,0,0,0,0,0,0,0,0,0,0,0,0,0,0,0,0,0,0,0,0,0,0,0,0,0,0,0,0,0,0,0,0,0,0,0,0,0,0,0,0,0,0,0,0,0,0,0,0,0,0,0,0,0,0,0,0,0,0,0,0,0,0,0,0,0,0,0,0,0,0,0,0,0,0,0,0,0,0,0,0,0,0,0,0,0,0,0,0,0,0,0,0,0,0,0,0,0,0,0,0,0,0,0,0,0,0,0,0,0,0,0,0,0,0,0,0,0,0,0,0,0,0,0,0,0,0,0,0,0,0,0,0,0,0,0,0,0,0,0,0,0,0,0,0,0,0,0,0,0,0,0,0,0,0,0,0,0,0,0,0,0,0,0,0,0,0,0,0,0,0,0,0,0,0,0,0,0,0,0,0,0,0,0,0,0,0,0,0,0,0,0,0,0,0,0,0,0,0,0,0,0,0,0,0,0,0
js_andruavclient2.js:2603 PARAM: FTP 0,255,230,12,0,0,128,239,5,0,0,86,9,0,0,0,0,0,0,4,9,89,0,0,0,0,4,9,90,0,0,0,0,3,84,71,89,82,95,73,68,4,1,42,0,3,55,50,95,73,68,12,1,42,0,3,55,51,95,73,68,0,0,0,0,3,84,65,67,67,95,73,68,4,2,42,0,3,55,50,95,73,68,12,2,42,0,3,55,51,95,73,68,0,0,0,0,1,164,70,65,83,84,95,83,65,77,80,76,69,1,1,180,78,79,84,67,72,95,69,78,65,66,76,69,0,2,164,76,79,71,95,66,65,84,95,67,78,84,0,4,1,60,77,65,83,75,0,1,44,79,80,84,0,1,60,76,71,73,78,20,2,30,67,84,32,0,1,164,69,78,65,66,76,69,95,77,65,83,75,127,1,180,72,78,84,67,72,95,69,78,65,66,76,69,0,1,132,71,89,82,79,95,82,65,84,69,0,1,180,84,67,65,76,49,95,69,78,65,66,76,69,0,1,120,50,95,69,78,65,66,76,69,0,1,120,51,95,69,78,65,66,76,69,0,4,180,65,67,67,49,95,67,65

